Fuel consumption (Gallons/Mile),Time (Year),Yearly Distance Driven (Billion Miles),Previous Distance Driven (Billion Miles)
12.02301192,1970,1110,NA
6.595449578,1975,1328,1110
4.828627885,1980,1527,2438
4.055818099,1985,1775,3965
3.260255864,1986,1835,5740
2.783143561,1987,1921,7575
2.469480741,1988,2026,9496
2.201498477,1989,2096,11522
1.979837503,1990,2144,13618
1.792564166,1991,2172,15762
1.671241261,1992,2247,17934
1.549617383,1993,2296,20181
1.452879768,1994,2358,22477
1.371466742,1995,2423,24835
1.29883902,1996,2486,27258
1.240950928,1997,2562,29744
1.185530477,1998,2632,32306
1.130290622,1999,2691,34938
1.080004718,2000,2747,37629
1.033314987,2001,2797,40376
0.992943876,2002,2856,43173
0.948995338,2003,2890,46029
0.921007672,2004,2965,48919
0.880772517,2005,2989,51884
