Cost (acres/1000 bushels),Time (year),Yearly Gross Value Production (Dollar/acre),Previous Gross Value Production (Dollar/acre)
11.67,1975,217.678,NA
11.48,1976,187.265,217.678
11.26,1977,180.264,404.943
9.95,1978,226.125,585.207
9.12,1979,276.192,811.332
11.09,1980,279.465,1087.524
9.15,1981,260.0864,1366.989
8.79,1982,243.4464,1627.0754
12.7,1983,252.8196,1870.5218
9.45,1984,272.9382,2123.3414
8.53,1985,252.1735,2396.2796
8.44,1986,167.0286,2648.4531
8.42,1987,186.5631,2815.4817
12.02,1988,217.2042,3002.0448
8.693384335,1989,255.3666,3219.249
8.51,1990,257.325,3474.6156
9.06,1991,254.9778,3731.9406
7.47,1992,274.331,3986.9184
10.09,1993,227.0535,4261.2494
6.985679357,1994,296.3205,4488.3029
8.634087377,1995,321.9796,4784.6234
7.695267411,1996,369.929,5106.603
7.692307692,1997,331.37,5476.532
7.352941176,1998,262.88,5807.902
7.407407407,1999,230.7,6070.782
7.246376812,2000,246.67,6301.482
6.944444444,2001,266.92,6548.152
7.462686567,2002,312.82,6815.072
6.711409396,2003,319.62,7127.892
5.917159763,2004,362.35,7447.512
6.711409396,2005,260.43,7809.862
7.246376812,2006,351.87,8070.292
6.993006993,2007,468.94,8422.162
6.944444444,2008,629.36,8891.102
