Costo (2005 USD/kWh),Tiempo (Year),Yearly Capacity (MW),Previous Capacity (MW)
2513,1957,NA,NA
2273,1958,0.0004,0.0001
1856,1959,0.00151537,0.0005
1411,1960,0.004570645,0.00201537
1241,1961,0.006413385,0.006586015
1191,1962,0.0109725,0.0129994
1073,1963,0.0163258,0.0239719
907,1964,0.02202435,0.0402977
753,1965,0.0238268,0.06232205
593,1966,0.03042555,0.08614885
440,1967,0.0418066,0.1165744
369,1968,0.034338,0.158381
309,1969,0.0752965,0.192719
251,1970,0.061795,0.2680155
211,1971,0.0762385,0.3298105
183,1972,0.0500545,0.406049
163,1973,0.038622,0.4561035
115,1974,0.090748,0.4947255
79.77,1975,0.240413,0.5854735
62.81,1976,0.2541135,0.8258865
46.37,1977,1.08,1.08
32.65,1978,1.35,2.16
26.89,1979,1.725,3.51
22.76,1980,2.73,5.235
17.86,1981,4.915,7.965
15.71,1982,6.525,12.88
12.78,1983,9.85,19.405
11.6,1984,17.45,29.255
9.95,1985,19.75,46.705
8.18,1986,22.7,66.455
6.75,1987,24.5,89.155
6.63,1988,26.945,113.655
6.8,1989,32.75,140.6
6.98,1990,38.95,173.35
6.55,1991,44.85,212.3
5.88,1992,51.9,257.15
5.53,1993,56.85,309.05
5.16,1994,57.85,365.9
4.86,1995,65.5,423.75
4.71,1996,75.75,489.25
4.76,1997,85.8,565
4.35,1998,120.2,650.8
3.93,1999,143.5,771
3.92,2000,188.5,914.5
3.67,2001,270,1103
3.41,2002,365.5,1373
3.15,2003,490.7056452,1738.5
3.5,2004,824.7943548,2229.205645
3.57,2005,1194,3054
3.65,2006,1786,4248
3.59,2007,2521,6034
