Cost (2005 US cents/KWH),Time (year),Yearly Production (Thousand KWH),Previous Production (Thousand KWH)
12.375,1980,5073079,26599233
11.74342105,1981,5686163,31672312
11.11111111,1982,4842865,37358475
10.47794118,1983,6075101,42201340
9.84375,1984,7740504,48276441
9.208333333,1985,9325230,56016945
8.571428571,1986,10307954,65342175
8.254869668,1987,10775461,75650129
7.932692308,1988,10300079,86425590
7.325581395,1989,14593443,96725669
7.181756297,1990,15434271,111319112
6.86277995,1991,15966444,126753383
6.428571429,1992,16137962,142719827
5.86306914,1993,16788565,158857789
5.676521739,1994,15535453,175646354
5.5125,1995,13378258,191181807
5.436231884,1996,14328684,204560065
5.0243309,1997,14726102,218888749
4.675324675,1998,14773918,233614851
4.426373626,1999,14827013,248388769
4.322033898,2000,14093158,263215782
4.219653179,2001,13740501,277308940
4.117159763,2002,14491310,291049441
3.945679012,2003,14424231,305540751
3.705263158,2004,14810975,319964982
3.61952862,2005,14691745,334775957
