Cost (Heads/Mil. lbs),Time (year),Yearly Production (Mil. lbs),Previous Production (Mil. lbs)
221.8354999,1930,100158,NA
224.2494832,1931,103029,100158
232.2059532,1932,103810,203187
236.8530574,1933,104762,306997
247.9487508,1934,101621,411759
238.9684304,1935,101205,513380
231.6775705,1936,102410,614585
228.999686,1937,101908,716995
219.3720642,1938,105807,818903
217.939546,1939,106792,924710
216.3455562,1940,109412,1031502
211.0341652,1941,115088,1140914
211.1369829,1942,118533,1256002
217.4966031,1943,117017,1374535
218.732215,1944,117023,1491552
208.9244584,1945,119828,1608575
204.671317,1946,117697,1728403
199.7123632,1947,116814,1846100
198.3207746,1948,112671,1962914
189.6953567,1949,116103,2075585
188.197458,1950,116602,2191688
187.5227806,1951,114681,2308290
186.0801772,1952,114671,2422971
180.4277123,1953,120221,2537642
176.7597097,1954,122094,2657863
171.1684086,1955,122945,2779957
164.1894922,1956,124860,2902902
158.6665918,1957,124628,3027762
151.8535952,1958,123220,3152390
146.7451983,1959,121989,3275610
142.2836673,1960,123109,3397599
137.1586308,1961,125707,3520708
133.416765,1962,126251,3646415
129.8765195,1963,125202,3772666
123.4722408,1964,126967,3897868
120.4139153,1965,124180,4024835
117.3477217,1966,119912,4149015
112.9813361,1967,118732,4268927
109.4612924,1968,117225,4387659
105.9935577,1969,116108,4504884
102.5340364,1970,117007,4620992
99.84143852,1971,118566,4737999
97.45053114,1972,120025,4856565
98.82848014,1973,115491,4976590
97.16142093,1974,115586,5092081
96.98175012,1975,115398,5207667
91.78981528,1976,120180,5323065
89.23076923,1977,122655,5443245
88.94780175,1978,121460,5565900
87.01175517,1979,123350,5687360
84.07083781,1980,128406,5810710
82.08179559,1981,132770,5939116
80.96567061,1982,135802,6071886
79.22815715,1983,139588,6207688
79.73934437,1984,135351,6347276
76.78446564,1985,143012,6482627
75.41445519,1986,143381,6625639
72.44119896,1987,142557,6769020
70.49381524,1988,145034,6911577
69.81576588,1989,143893,7056611
67.64779551,1990,147721,7200504
66.52809468,1991,147697,7348225
64.20784041,1992,150885,7495922
63.60365384,1993,150636,7646807
61.80909103,1994,153602,7797443
60.95613425,1995,155292,7951045
64.92604184,1996,154006,8106337
59.27311632,1997,156091,8260343
58.18633872,1998,157262,8416434
56.29175405,1999,162589,8573696
54.95600174,2000,167393,8736285
55.05437544,2001,165332,8903678
53.74037857,2002,170063,9069010
53.30146601,2003,170394,9239073
52.71818363,2004,170934,9409467
51.1094846,2005,176929,9580401
50.26212716,2006,181782,9757330
49.4948668,2007,185654,9939112
49.03011706,2008,189992,10124766
