Cost (2004 USD/Watt),Time (Year),Yearly Capacity (MW),Previous Capacity (MW)
0.261509517,1970,2000,11783.63459
0.401551308,1971,1500,13783.63459
0.641807999,1972,3497.280027,15283.63459
0.559623668,1973,3902.08538,18780.91462
0.858936763,1974,9796.945917,22683
1.014712183,1975,8708.230535,32479.94592
1.454413931,1976,2609.8,41188.17645
1.502013351,1977,6380.15,43797.97645
1.806956125,1978,2874.4,50178.12645
1.914172156,1979,829.025,53052.52645
1.335587374,1980,1765.85,53881.55145
1.713469344,1981,4199.725,55647.40145
2.045859134,1982,1126.175,59847.12645
2.719525695,1983,2995.825,60973.30145
2.464479773,1984,14462.975,63969.12645
2.848508198,1985,1104.95,78432.10145
2.932466362,1986,21572.925,79537.05145
2.977187961,1987,6177.95,101109.9765
2.652277744,1988,820,107287.9265
3.374219115,1989,1942,108107.9265
NA,1990,2593,110049.9265
2.264411192,1991,NA,112642.9265
1.751714752,1992,NA,112642.9265
NA,1993,1000,112439.9265
2.753738269,1994,NA,113439.9265
3.243751414,1996,NA,114439.9265
