Cost (2004 USD/Watt),Time (Year),Yearly Capacity (MW),Previous Capacity (MW)
81.18305769,1975,0.54,0.54
61.0809694,1976,1.08,1.08
44.56144005,1977,1.35,2.16
31.52747719,1978,1.725,3.51
26.49060277,1979,2.73,5.235
22.44901262,1980,4.915,7.965
17.94840709,1981,6.525,12.88
16.12624335,1982,9.85,19.405
13.01871886,1983,17.45,29.255
12.0969158,1984,19.75,46.705
10.56087717,1985,22.7,66.455
8.735944145,1986,24.5,89.155
7.427029777,1987,26.945,113.655
6.93715666,1988,32.75,140.6
7.169248158,1989,38.95,173.35
7.415229772,1990,44.85,212.3
6.869198132,1991,51.9,257.15
6.399623164,1992,56.85,309.05
5.984772143,1993,57.85,365.9
5.661489354,1994,65.5,423.75
5.234652478,1995,75.75,489.25
4.893854049,1996,85.8,565
4.876788816,1997,120.2,650.8
4.394476635,1998,143.5,771
4.059444761,1999,188.5,914.5
3.983782049,2000,270,1103
3.85411207,2001,365.5,1373
3.524662165,2002,490.7056452,1738.5
3.350830149,2003,NA,2229.205645
