Cost (2005 USD/kWh),Time (Year),Yearly Production (kWh),Previous Production (kWh)
10.09,1976,525600,NA
8.07,1977,689850,525600
6.2,1978,1379700,1215450
5.6,1979,2036700,2595150
5.59,1980,4106250,4631850
4.96,1981,5748750,8738100
4.39,1982,8541000,14486850
3.11,1983,13468500,23027850
2.67,1984,13140000,36496350
2.09,1985,12647250,49636350
1.55,1986,11661750,62283600
1.17,1987,14289750,73945350
1.09,1988,18231750,88235100
1.13,1989,23159250,106466850
1.12,1990,24309000,129626100
0.978,1991,28086750,153935100
0.776,1992,29729250,182021850
0.646,1993,36857700,211751100
0.603,1994,42113700,248608800
0.575,1995,57076875,290722500
0.544,1996,63811125,347799375
0.537,1997,83767500,411610500
0.457,1998,88202250,495378000
0.412,1999,99864000,583580250
0.43,2000,123138225,683444250
0.383,2001,164742750,806582475
0.342,2002,198085500,971325225
0.296,2003,169177500,1169410725
0.329,2004,227814750,1338588225
0.336,2005,251466750,1566402975
0.361,2006,291708000,1817869725
0.354,2007,441996750,2109577725
0.35,2008,658806750,2551574475
0.33,2009,964853775,3210381225
