Cost (2004 USD/Watt),Time (Year),Yearly Capacity (MW),Previous Capacity (MW)
0.293576945,1973,NA,NA
0.740672792,1974,19.18,7
NA,1975,100.38,26.18
0.872307348,1976,269.5,126.56
0.913114037,1977,779.66,396.06
1.271529508,1978,698.32,1175.72
1.309119566,1979,819.98,1874.04
1.412951537,1980,1053.78,2694.02
1.397858172,1981,1603.84,3747.8
NA,1982,1800,5351.64
NA,1983,1950,7151.64
1.334843787,1984,2050,9101.64
NA,1985,1950,11151.64
NA,1986,1800,13101.64
NA,1987,1650,14901.64
NA,1988,1700,16551.64
NA,1989,1800,18251.64
1.165419709,1990,2100,20051.64
NA,1991,2000,22151.64
NA,1992,2050,24151.64
NA,1993,2400,26201.64
NA,1994,2600,28601.64
NA,1995,3000,31201.64
NA,1996,3300,34201.64
NA,1997,3350,37501.64
NA,1998,3600,40851.64
NA,1999,4500,44451.64
NA,2000,6242,48951.64
NA,2001,7886.9,55193.64
1.059580138,2002,8635.2,63080.54
NA,2003,10242,71715.74
1.071428571,2004,NA,81957.74
