Cost (acres/1000 bushels),Time (year),Yearly Production (mil. bushels),Previous Production (mil. bushels)
90.90909091,1866,170,NA
79.36507937,1867,211,170
77.51937984,1868,246,381
72.99270073,1869,290,627
82.6446281,1870,254,917
81.96721311,1871,272,1171
84.74576271,1872,271,1443
77.51937984,1873,322,1714
76.92307692,1874,356,2036
90.09009009,1875,314,2392
91.74311927,1876,309,2706
70.92198582,1877,396,3015
74.07407407,1878,449,3411
76.92307692,1879,459,3860
75.75757576,1880,502,4319
90.90909091,1881,406,4821
66.22516556,1882,552,5227
81.30081301,1883,439,5779
67.56756757,1884,571,6218
87.71929825,1885,400,6789
70.92198582,1886,514,7189
75.18796992,1887,491,7703
82.6446281,1888,424,8194
71.42857143,1889,504,8618
81.96721311,1890,449,9122
60.60606061,1891,678,9571
70.42253521,1892,612,10249
80.64516129,1893,506,10861
74.07407407,1894,542,11367
71.94244604,1895,542,11909
78.125,1896,523,12451
71.42857143,1897,606,12974
65.78947368,1898,768,13580
80,1899,655,14348
81.96721311,1900,599,15003
66.66666667,1901,763,15602
67.11409396,1902,687,16365
72.99270073,1903,663,17052
77.51937984,1904,556,17715
65.78947368,1905,706,18271
62.5,1906,741,18977
70.42253521,1907,629,19718
69.93006993,1908,643,20347
64.51612903,1909,684,20990
72.99270073,1910,625,21674
80.64516129,1911,618,22299
66.22516556,1912,730,22917
69.44444444,1913,751,23647
62.11180124,1914,897,24398
59.88023952,1915,1009,25295
84.03361345,1916,635,26304
75.75757576,1917,620,26939
67.56756757,1918,904,27559
77.51937984,1919,952,28463
74.07407407,1920,843,29415
78.74015748,1921,819,30258
72.46376812,1922,847,31077
75.18796992,1923,759,31924
62.5,1924,842,32683
78.125,1925,669,33525
68.02721088,1926,832,34194
68.02721088,1927,875,35026
64.93506494,1928,914,35901
76.92307692,1929,824,36815
70.42253521,1930,887,37639
61.34969325,1931,942,38526
76.33587786,1932,756,39468
89.28571429,1933,552,40224
82.6446281,1934,526,40776
81.96721311,1935,628,41302
78.125,1936,630,41930
73.52941176,1937,874,42560
75.18796992,1938,920,43434
70.92198582,1939,741,44354
65.35947712,1940,815,45095
59.52380952,1941,942,45910
51.28205128,1942,969,46852
60.97560976,1943,844,47821
56.49717514,1944,1060,48665
58.82352941,1945,1108,49725
58.13953488,1946,1152,50833
54.94505495,1947,1359,51985
55.86592179,1948,1295,53344
68.96551724,1949,1098,54639
60.60606061,1950,1019,55737
62.5,1951,988,56756
54.34782609,1952,1306,57744
57.80346821,1953,1173,59050
55.24861878,1954,984,60223
50.50505051,1955,937,61207
49.5049505,1956,1005,62144
45.87155963,1957,956,63149
36.36363636,1958,1457,64105
46.2962963,1959,1118,65562
38.31417625,1960,1354.7,66680
41.84100418,1961,1232.4,68034.7
40,1962,1092,69267.1
39.68253968,1963,1146.8,70359.1
38.75968992,1964,1283.4,71505.9
37.73584906,1965,1315.6,72789.3
38.02281369,1966,1304.9,74104.9
38.02281369,1967,1507.6,75409.8
35.21126761,1968,1556.6,76917.4
32.67973856,1969,1442.7,78474
32.25806452,1970,1351.6,79916.7
29.49852507,1971,1618.6,81268.3
30.58103976,1972,1546.2,82886.9
31.64556962,1973,1710.8,84433.1
36.63003663,1974,1781.9,86143.9
32.67973856,1975,2126.93,87925.8
33.00330033,1976,2148.78,90052.73
32.5732899,1977,2045.53,92201.51
31.84713376,1978,1775.52,94247.04
29.3255132,1979,2134.06,96022.56
29.85074627,1980,2380.93,98156.62
28.9017341,1981,2785.36,100537.55
28.16901408,1982,2764.97,103322.91
25.38071066,1983,2419.82,106087.88
25.77319588,1984,2594.78,108507.7
26.66666667,1985,2424.12,111102.48
29.06976744,1986,2090.57,113526.6
26.52519894,1987,2107.69,115617.17
29.3255132,1988,1812.2,117724.86
30.58103976,1989,2036.62,119537.06
25.3164557,1990,2729.78,121573.68
29.15451895,1991,1980.14,124303.46
25.44529262,1992,2466.8,126283.6
26.17801047,1993,2396.44,128750.4
26.59574468,1994,2320.98,131146.84
27.93296089,1995,2182.71,133467.82
27.54820937,1996,2277.39,135650.53
25.3164557,1997,2481.47,137927.92
23.14814815,1998,2547.32,140409.39
23.41920375,1999,2295.56,142956.71
23.80952381,2000,2228.16,145252.27
24.87562189,2001,1947.45,147480.43
28.57142857,2002,1605.88,149427.88
22.62443439,2003,2344.42,151033.76
23.14814815,2004,2156.79,153378.18
23.80952381,2005,2103.33,155534.97
25.90673575,2006,1808.42,157638.3
24.87562189,2007,2051.09,159446.72
22.27171492,2008,2499.52,161497.81
