Cost (2005 US cents/KWH),Time (year),Yearly Production (Thousand KWH),Previous Production (Thousand KWH)
46.76,1980,NA,NA
43.43,1981,NA,NA
39.44,1982,NA,NA
35.35,1983,2668,NA
32.12,1984,6490,2668
27.93,1985,5762,9158
25.24,1986,4189,14920
21.52,1987,3541,19109
19.2,1988,871,22650
17.01,1989,2112043,23521
14.62,1990,2788600,2135564
12.86,1991,2950951,4924164
11.58,1992,2887523,7875115
10.12,1993,3005827,10762638
9.07,1994,3447109,13768465
8.08,1995,3164253,17215574
7.29,1996,3234069,20379827
6.93,1997,3288035,23613896
6.31,1998,3025696,26901931
6,1999,4487998,29927627
5.86,2000,5593261,34415625
5.52,2001,6737332,40008886
5.35,2002,10354279,46746218
5.23,2003,11187467,57100497
5.08,2004,14143741,68287964
4.83,2005,17810549,82431705
